,Moon Phase,State,Yeezy Pairs,Off-White Pairs,Total Pairs,Yeezy Total,Off-White Total,Grand Total,Yeezy Profit,Off-White Profit,Profit Total
0,New Moon,AL,88,22,110,30421,13400,43821,11061,9440,20501
1,New Moon,AK,9,6,15,3312,4099,7411,1332,2939,4271
2,New Moon,AZ,222,104,326,78741,75701,154442,29901,57001,86902
3,New Moon,AR,26,13,39,8530,8595,17125,2810,6385,9195
4,New Moon,CA,3195,1541,4736,1226302,1050287,2276589,524142,772487,1296629
5,New Moon,CO,173,60,233,65990,37387,103377,27970,26217,54187
6,New Moon,CT,166,73,239,58298,46053,104351,21798,32823,54621
7,New Moon,DE,250,102,352,101158,74360,175518,46158,55710,101868
8,New Moon,DC,37,20,57,12893,15140,28033,4753,11360,16113
9,New Moon,FL,1050,507,1557,393282,310142,703424,162502,220352,382854
10,New Moon,GA,284,122,406,98986,77730,176716,36506,55570,92076
11,New Moon,HI,36,42,78,14506,29632,44138,6586,21922,28508
12,New Moon,ID,21,7,28,8034,3905,11939,3434,2655,6089
13,New Moon,IL,652,275,927,234314,163926,398240,90914,114706,205620
14,New Moon,IN,184,63,247,70128,35425,105553,29688,24285,53973
15,New Moon,IA,68,24,92,26464,16119,42583,11524,11859,23383
16,New Moon,KS,68,18,86,25125,13184,38309,10165,9704,19869
17,New Moon,KY,86,24,110,35449,13050,48499,16549,8670,25219
18,New Moon,LA,90,20,110,31306,13399,44705,11506,9839,21345
19,New Moon,ME,22,5,27,6575,2933,9508,1735,1943,3678
20,New Moon,MD,305,128,433,113327,84142,197469,46247,61372,107619
21,New Moon,MA,535,182,717,189185,109840,299025,71525,77180,148705
22,New Moon,MI,529,160,689,186590,101019,287609,70230,71739,141969
23,New Moon,MN,119,43,162,45013,25209,70222,18873,17649,36522
24,New Moon,MS,32,8,40,11276,5214,16490,4236,3744,7980
25,New Moon,MO,112,35,147,40884,21573,62457,16284,14823,31107
26,New Moon,MT,7,4,11,2516,2454,4970,996,1654,2650
27,New Moon,NE,45,11,56,15709,7744,23453,5809,5804,11613
28,New Moon,NV,127,68,195,46035,43395,89430,18135,31075,49210
29,New Moon,NH,50,15,65,16969,10302,27271,5969,7522,13491
30,New Moon,NJ,792,318,1110,293443,211375,504818,119383,153505,272888
31,New Moon,NM,48,11,59,17938,7116,25054,7398,4976,12374
32,New Moon,NY,2835,1096,3931,1037931,719953,1757884,414731,522713,937444
33,New Moon,NC,245,96,341,88273,59373,147646,34413,42293,76706
34,New Moon,ND,7,2,9,2461,1188,3649,921,858,1779
35,New Moon,OH,325,146,471,113494,91927,205421,42014,65367,107381
36,New Moon,OK,59,32,91,22473,21291,43764,9493,15361,24854
37,New Moon,OR,1590,578,2168,603174,399210,1002384,253394,299020,552414
38,New Moon,PA,547,193,740,189663,117376,307039,69343,82866,152209
39,New Moon,RI,68,20,88,23204,14621,37825,8244,11031,19275
40,New Moon,SC,87,35,122,33267,23906,57173,14147,17696,31843
41,New Moon,SD,8,3,11,2904,1335,4239,1144,835,1979
42,New Moon,TN,116,37,153,41804,22417,64221,16284,15917,32201
43,New Moon,TX,1062,378,1440,385387,228774,614161,151887,160534,312421
44,New Moon,UT,75,41,116,28497,26508,55005,11997,19268,31265
45,New Moon,VT,5,4,9,1713,3258,4971,613,2558,3171
46,New Moon,VA,341,171,512,122371,111218,233589,47371,81258,128629
47,New Moon,WA,317,130,447,117521,86502,204023,47781,61672,109453
48,New Moon,WV,32,6,38,9514,2620,12134,2474,1620,4094
49,New Moon,WI,127,62,189,47165,41887,89052,19245,30907,50152
50,New Moon,WY,9,0,9,2760,0,2760,780,0,780
51,First Quarter,AL,92,20,112,31763,12686,44449,11523,8896,20419
52,First Quarter,AK,13,3,16,4660,1785,6445,1800,1235,3035
53,First Quarter,AZ,254,95,349,92862,61844,154706,37042,44664,81706
54,First Quarter,AR,39,5,44,14529,3774,18303,5969,2874,8843
55,First Quarter,CA,3299,1525,4824,1264865,1075956,2340821,539685,798306,1337991
56,First Quarter,CO,175,65,240,64890,43535,108425,26450,32105,58555
57,First Quarter,CT,213,55,268,72769,31729,104498,25929,21669,47598
58,First Quarter,DE,218,102,320,85414,72142,157556,37454,53482,90936
59,First Quarter,DC,52,21,73,19059,11966,31025,7639,8176,15815
60,First Quarter,FL,1183,465,1648,429442,315372,744814,169322,230392,399714
61,First Quarter,GA,338,121,459,120793,75269,196062,46433,52779,99212
62,First Quarter,HI,55,48,103,20919,28957,49876,8819,20177,28996
63,First Quarter,ID,19,5,24,6120,2239,8359,1940,1369,3309
64,First Quarter,IL,732,269,1001,258305,183123,441428,97325,133203,230528
65,First Quarter,IN,179,57,236,63114,36224,99338,23734,25984,49718
66,First Quarter,IA,85,49,134,30694,35100,65794,11994,25880,37874
67,First Quarter,KS,62,18,80,23225,12928,36153,9585,9648,19233
68,First Quarter,KY,105,26,131,38516,20640,59156,15436,16150,31586
69,First Quarter,LA,111,31,142,38656,20817,59473,14236,15227,29463
70,First Quarter,ME,21,5,26,6459,3228,9687,1839,2328,4167
71,First Quarter,MD,374,114,488,131575,69163,200738,49315,48033,97348
72,First Quarter,MA,582,177,759,208273,120107,328380,80233,87657,167890
73,First Quarter,MI,550,129,679,198810,85402,284212,77830,62142,139972
74,First Quarter,MN,136,53,189,49475,35904,85379,19555,26374,45929
75,First Quarter,MS,33,11,44,11367,6968,18335,4107,4978,9085
76,First Quarter,MO,145,36,181,52241,24453,76694,20381,17993,38374
77,First Quarter,MT,10,1,11,3326,1671,4997,1126,1481,2607
78,First Quarter,NE,59,12,71,20653,9992,30645,7673,7882,15555
79,First Quarter,NV,159,47,206,62100,39482,101582,27160,30852,58012
80,First Quarter,NH,38,16,54,13741,9180,22921,5381,6400,11781
81,First Quarter,NJ,878,336,1214,318483,227400,545883,125443,165380,290823
82,First Quarter,NM,40,14,54,14973,8636,23609,6173,6376,12549
83,First Quarter,NY,3149,1067,4216,1161846,716877,1878723,469546,520727,990273
84,First Quarter,NC,233,80,313,79231,49181,128412,27971,35211,63182
85,First Quarter,ND,18,2,20,6599,1253,7852,2639,813,3452
86,First Quarter,OH,333,110,443,118214,64720,182934,44974,44980,89954
87,First Quarter,OK,79,33,112,28429,20736,49165,11049,14856,25905
88,First Quarter,OR,1409,612,2021,507998,444766,952764,198018,337066,535084
89,First Quarter,PA,612,183,795,223060,126417,349477,88500,93107,181607
90,First Quarter,RI,67,25,92,24735,15453,40188,10035,10783,20818
91,First Quarter,SC,110,40,150,37096,25860,62956,12896,18370,31266
92,First Quarter,SD,12,2,14,3934,1920,5854,1294,1540,2834
93,First Quarter,TN,151,43,194,54479,25504,79983,21279,17764,39043
94,First Quarter,TX,1080,338,1418,388728,209979,598707,151308,148489,299797
95,First Quarter,UT,79,32,111,28578,21749,50327,11198,15959,27157
96,First Quarter,VT,22,17,39,8616,10623,19239,3776,7553,11329
97,First Quarter,VA,382,138,520,145626,89755,235381,61666,64625,126291
98,First Quarter,WA,341,124,465,123439,85825,209264,48499,63305,111804
99,First Quarter,WV,43,6,49,14271,3811,18082,4811,2671,7482
100,First Quarter,WI,171,41,212,59407,27459,86866,21807,19929,41736
101,First Quarter,WY,8,0,8,3111,0,3111,1351,0,1351
102,Full Moon,AL,113,17,130,41223,10458,51681,16363,7688,24051
103,Full Moon,AK,10,6,16,3126,4229,7355,926,3109,4035
104,Full Moon,AZ,260,84,344,89248,61239,150487,32048,45879,77927
105,Full Moon,AR,41,5,46,13411,2925,16336,4391,2055,6446
106,Full Moon,CA,3409,1600,5009,1242254,1143610,2385864,492974,852790,1345764
107,Full Moon,CO,162,54,216,55975,34895,90870,20355,24945,45300
108,Full Moon,CT,240,65,305,79545,43478,123023,26745,31468,58213
109,Full Moon,DE,164,104,268,59874,78489,138363,23834,59819,83653
110,Full Moon,DC,49,14,63,16453,11958,28411,5673,9248,14921
111,Full Moon,FL,1097,450,1547,386705,298933,685638,145585,217363,362948
112,Full Moon,GA,352,145,497,120554,96421,216975,43114,68881,111995
113,Full Moon,HI,69,36,105,26350,21704,48054,11170,15004,26174
114,Full Moon,ID,16,5,21,5929,2697,8626,2429,1847,4276
115,Full Moon,IL,661,239,900,225296,159992,385288,80016,114432,194448
116,Full Moon,IN,209,60,269,72363,40053,112416,26383,29003,55386
117,Full Moon,IA,93,40,133,33892,28310,62202,13472,21310,34782
118,Full Moon,KS,81,17,98,27119,11191,38310,9299,8131,17430
119,Full Moon,KY,110,16,126,46532,14936,61468,22332,11676,34008
120,Full Moon,LA,106,38,144,35692,25094,60786,12372,18154,30526
121,Full Moon,ME,26,8,34,8959,5310,14269,3239,3800,7039
122,Full Moon,MD,337,125,462,119213,75045,194258,45093,52365,97458
123,Full Moon,MA,563,190,753,202270,129554,331824,78510,93844,172354
124,Full Moon,MI,584,142,726,206794,97337,304131,78354,71857,150211
125,Full Moon,MN,131,46,177,46398,30638,77036,17618,22518,40136
126,Full Moon,MS,34,2,36,11214,908,12122,3734,608,4342
127,Full Moon,MO,130,32,162,46016,22808,68824,17456,16518,33974
128,Full Moon,MT,9,2,11,3093,818,3911,1113,398,1511
129,Full Moon,NE,46,10,56,14707,6793,21500,4587,4983,9570
130,Full Moon,NV,134,65,199,49952,45395,95347,20472,33535,54007
131,Full Moon,NH,50,14,64,16961,10612,27573,5961,7892,13853
132,Full Moon,NJ,838,332,1170,297634,224948,522582,113334,164598,277932
133,Full Moon,NM,42,15,57,14151,11176,25327,4911,8546,13457
134,Full Moon,NY,3149,1067,4216,1119797,732709,1852506,427397,538519,965916
135,Full Moon,NC,262,86,348,91420,57508,148928,33780,41198,74978
136,Full Moon,ND,15,6,21,4974,4896,9870,1674,3786,5460
137,Full Moon,OH,378,108,486,130761,74587,205348,47621,55307,102928
138,Full Moon,OK,82,28,110,29335,17189,46524,11315,12419,23734
139,Full Moon,OR,1182,506,1688,430637,368999,799636,170597,279389,449986
140,Full Moon,PA,608,158,766,214198,103906,318104,80478,74836,155314
141,Full Moon,RI,70,15,85,24609,8200,32809,9209,5590,14799
142,Full Moon,SC,116,37,153,40807,23934,64741,15287,17334,32621
143,Full Moon,SD,17,0,17,6091,0,6091,2351,0,2351
144,Full Moon,TN,157,45,202,52985,33810,86795,18445,25270,43715
145,Full Moon,TX,1156,331,1487,394990,219238,614228,140710,159088,299798
146,Full Moon,UT,61,26,87,20530,16131,36661,7110,11161,18271
147,Full Moon,VT,18,3,21,6747,1975,8722,2787,1455,4242
148,Full Moon,VA,380,163,543,135979,111195,247174,52399,81195,133594
149,Full Moon,WA,357,125,482,127476,86502,213978,48956,63752,112708
150,Full Moon,WV,32,6,38,13108,3395,16503,6088,2385,8473
151,Full Moon,WI,174,56,230,61457,36238,97695,23197,26068,49265
152,Full Moon,WY,8,1,9,2522,600,3122,762,410,1172
153,Last Quarter,AL,82,23,105,28593,12363,40956,10573,8493,19066
154,Last Quarter,AK,9,5,14,2574,2775,5349,594,2005,2599
155,Last Quarter,AZ,269,110,379,91130,77041,168171,31970,57521,89491
156,Last Quarter,AR,35,9,44,11981,6815,18796,4281,5235,9516
157,Last Quarter,CA,3210,1570,4780,1167973,1082377,2250350,462313,809137,1271450
158,Last Quarter,CO,192,73,265,64608,46771,111379,22368,33801,56169
159,Last Quarter,CT,225,73,298,79179,46731,125910,29679,33701,63380
160,Last Quarter,DE,186,116,302,72338,81368,153706,31478,61748,93226
161,Last Quarter,DC,52,26,78,16545,19081,35626,5105,14171,19276
162,Last Quarter,FL,1154,470,1624,401261,304897,706158,147601,223557,371158
163,Last Quarter,GA,344,140,484,114222,91174,205396,38542,66794,105336
164,Last Quarter,HI,66,31,97,24802,20404,45206,10342,14924,25266
165,Last Quarter,ID,28,6,34,8562,3534,12096,2402,2474,4876
166,Last Quarter,IL,687,267,954,228256,170484,398740,77156,123324,200480
167,Last Quarter,IN,215,59,274,70988,37753,108741,23708,27593,51301
168,Last Quarter,IA,76,25,101,26838,14931,41769,10158,10571,20729
169,Last Quarter,KS,64,12,76,20638,6429,27067,6558,4419,10977
170,Last Quarter,KY,96,25,121,38969,17413,56382,17929,13133,31062
171,Last Quarter,LA,102,39,141,31828,21776,53604,9388,14936,24324
172,Last Quarter,ME,40,5,45,13087,2391,15478,4287,1481,5768
173,Last Quarter,MD,328,159,487,109658,107619,217277,37518,79269,116787
174,Last Quarter,MA,509,165,674,172940,116581,289521,61000,87691,148691
175,Last Quarter,MI,546,122,668,193353,85268,278621,73313,63598,136911
176,Last Quarter,MN,140,57,197,47951,36183,84134,17171,25973,43144
177,Last Quarter,MS,33,10,43,10641,6699,17340,3381,4949,8330
178,Last Quarter,MO,124,46,170,44109,26237,70346,16929,18057,34986
179,Last Quarter,MT,15,1,16,5553,944,6497,2253,754,3007
180,Last Quarter,NE,51,11,62,17961,6774,24735,6741,4784,11525
181,Last Quarter,NV,121,69,190,46927,50515,97442,20327,38705,59032
182,Last Quarter,NH,44,14,58,14992,9929,24921,5312,7579,12891
183,Last Quarter,NJ,863,363,1226,295406,249742,545148,105706,186902,292608
184,Last Quarter,NM,49,12,61,15656,8148,23804,4876,6088,10964
185,Last Quarter,NY,2970,1192,4162,1044934,782680,1827614,392094,575000,967094
186,Last Quarter,NC,258,84,342,84702,52814,137516,27962,37934,65896
187,Last Quarter,ND,9,5,14,2815,2936,5751,835,2096,2931
188,Last Quarter,OH,350,140,490,121103,92630,213733,44143,68880,113023
189,Last Quarter,OK,76,23,99,25784,13828,39612,9064,9638,18702
190,Last Quarter,OR,1215,589,1804,445879,405958,851837,178599,307168,485767
191,Last Quarter,PA,629,179,808,212242,123509,335751,73902,90989,164891
192,Last Quarter,RI,56,26,82,18249,15315,33564,5929,11035,16964
193,Last Quarter,SC,107,38,145,34599,23325,57924,11059,16845,27904
194,Last Quarter,SD,13,0,13,5417,0,5417,2577,0,2577
195,Last Quarter,TN,140,42,182,49041,26082,75123,18261,18622,36883
196,Last Quarter,TX,1157,374,1531,389760,234900,624660,135260,169150,304410
197,Last Quarter,UT,95,41,136,34473,24728,59201,13573,17768,31341
198,Last Quarter,VT,10,5,15,2940,2451,5391,740,1631,2371
199,Last Quarter,VA,350,133,483,125163,84540,209703,48263,61450,109713
200,Last Quarter,WA,347,122,469,124233,77084,201317,47913,56614,104527
201,Last Quarter,WV,34,7,41,10609,3821,14430,3129,2681,5810
202,Last Quarter,WI,158,51,209,55380,35663,91043,20620,26693,47313
203,Last Quarter,WY,14,0,14,4758,0,4758,1678,0,1678
